#BL_HF	BL_HCL	BA_FHCl	ground
1.0	1.0	20.0	-400.029818949
1.0	1.0	40.0	-521.715488964
1.0	1.0	90.0	-552.610337461
1.0	1.0	110.0	-554.504983954
1.0	1.5	50.0	-549.166936347
1.0	1.5	80.0	-556.078856539
1.0	1.5	90.0	-556.775135906
1.0	1.5	110.0	-557.451245353
1.0	2.0	20.0	-548.604169517
1.0	2.0	30.0	-551.674559615
1.0	2.0	50.0	-555.847273454
1.0	2.0	70.0	-557.520992757
1.0	2.0	80.0	-557.895138842
1.0	2.0	90.0	-558.124398199
1.0	2.0	100.0	-558.273059304
1.0	2.5	10.0	-555.754949556
1.0	2.5	30.0	-556.942662428
1.0	2.5	40.0	-557.511478238
1.0	2.5	50.0	-557.933604960
1.0	2.5	60.0	-558.218181555
1.0	2.5	90.0	-558.634081723
1.0	2.5	100.0	-558.704904988
1.0	2.5	110.0	-558.755970641
1.0	3.0	30.0	-558.278845052
1.0	3.0	40.0	-558.427739422
1.0	3.0	60.0	-558.665056877
1.0	3.0	80.0	-558.816762502
1.0	3.0	90.0	-558.863747992
1.0	3.0	100.0	-558.896700320
1.0	3.5	10.0	-558.563148122
1.0	3.5	20.0	-558.613398192
1.0	3.5	40.0	-558.751708805
1.0	3.5	60.0	-558.870485489
1.0	3.5	70.0	-558.912679799
1.0	3.5	80.0	-558.941790743
1.0	3.5	90.0	-558.962090104
1.0	3.5	110.0	-558.985435756
1.0	4.0	10.0	-558.827904901
1.0	4.0	40.0	-558.911549990
1.0	4.0	50.0	-558.941227565
1.0	4.0	60.0	-558.964090366
1.0	4.0	80.0	-558.994021701
1.0	4.0	100.0	-559.008078174
1.0	4.0	110.0	-559.011942780
1.0	4.5	10.0	-558.948449604
1.0	4.5	30.0	-558.969202408
1.0	4.5	40.0	-558.981726756
1.0	4.5	50.0	-558.994533371
1.0	4.5	70.0	-559.010513073
1.0	4.5	80.0	-559.015516098
1.0	4.5	90.0	-559.018788441
1.0	4.5	100.0	-559.020994000
1.0	4.5	110.0	-559.022502170
1.0	5.0	10.0	-558.997947825
1.0	5.0	20.0	-559.001247738
1.0	5.0	30.0	-559.005757533
1.0	5.0	40.0	-559.010498204
1.0	5.0	50.0	-559.014750700
1.0	5.0	60.0	-559.019751758
1.0	5.0	70.0	-559.022280525
1.0	5.0	80.0	-559.024114819
1.0	5.0	90.0	-559.025266959
1.0	5.0	110.0	-559.026593934
1.0	5.5	10.0	-559.017125035
1.0	5.5	20.0	-559.018316235
1.0	5.5	30.0	-559.019944836
1.0	5.5	40.0	-559.021646954
1.0	5.5	50.0	-559.023149058
1.0	5.5	70.0	-559.026723026
1.0	5.5	80.0	-559.027343861
1.0	5.5	90.0	-559.027676277
1.0	5.5	100.0	-559.027898428
1.0	5.5	110.0	-559.028081256
1.0	6.0	10.0	-559.024092263
1.0	6.0	20.0	-559.024505952
1.0	6.0	30.0	-559.025064023
1.0	6.0	50.0	-559.026110923
1.0	6.0	60.0	-559.028016222
1.0	6.0	70.0	-559.028235523
1.0	6.0	80.0	-559.028416001
1.0	6.0	90.0	-559.028454750
1.0	6.0	100.0	-559.028477509
1.0	6.5	40.0	-559.026882748
1.0	6.5	50.0	-559.027002706
1.0	6.5	60.0	-559.028617726
1.0	6.5	70.0	-559.028627282
1.0	7.0	20.0	-559.027067638
1.0	7.0	30.0	-559.027115604
1.0	7.0	40.0	-559.027147259
1.0	7.0	50.0	-559.027148286
1.0	7.0	60.0	-559.028669222
1.0	7.0	70.0	-559.028615631
1.0	7.0	80.0	-559.028585504
1.0	7.0	90.0	-559.028512740
1.0	7.0	100.0	-559.028459920
1.0	7.0	110.0	-559.028430174
1.5	1.0	30.0	-533.532571740
1.5	1.0	40.0	-542.624115540
1.5	1.0	70.0	-554.019203580
1.5	1.0	80.0	-555.159641829
1.5	1.0	90.0	-555.816184128
1.5	1.5	20.0	-491.617226838
1.5	1.5	30.0	-532.682600097
1.5	1.5	60.0	-555.582845483
1.5	1.5	70.0	-557.034106424
1.5	1.5	80.0	-557.753374580
1.5	1.5	110.0	-558.462992207
1.5	2.0	50.0	-556.295036863
1.5	2.0	60.0	-557.726025631
1.5	2.0	70.0	-558.391847736
1.5	2.0	80.0	-558.721206717
1.5	2.5	10.0	-547.452966328
1.5	2.5	20.0	-551.622329257
1.5	2.5	30.0	-555.155366917
1.5	2.5	40.0	-557.206573826
1.5	2.5	80.0	-559.136659224
1.5	2.5	90.0	-559.241040239
1.5	2.5	100.0	-559.309914405
1.5	3.0	20.0	-557.343465529
1.5	3.0	30.0	-558.141345539
1.5	3.0	40.0	-558.677029382
1.5	3.0	50.0	-558.975202172
1.5	3.0	80.0	-559.352978930
1.5	3.0	90.0	-559.408235898
1.5	3.0	100.0	-559.441243645
1.5	3.5	10.0	-558.594889215
1.5	3.5	20.0	-558.787145254
1.5	3.5	60.0	-559.357532444
1.5	3.5	80.0	-559.460935981
1.5	3.5	100.0	-559.499182870
1.5	4.0	20.0	-559.184937597
1.5	4.0	40.0	-559.354493067
1.5	4.0	70.0	-559.490852117
1.5	4.0	100.0	-559.523877913
1.5	4.5	10.0	-559.355603442
1.5	4.5	30.0	-559.427144928
1.5	4.5	40.0	-559.463097237
1.5	4.5	50.0	-559.490528327
1.5	4.5	80.0	-559.527701953
1.5	4.5	100.0	-559.534019205
1.5	4.5	110.0	-559.535443859
1.5	5.0	30.0	-559.495727360
1.5	5.0	40.0	-559.510171283
1.5	5.0	90.0	-559.537139406
1.5	5.0	100.0	-559.537962522
1.5	5.5	20.0	-559.517806018
1.5	5.5	30.0	-559.523854420
1.5	5.5	50.0	-559.533548449
1.5	5.5	60.0	-559.536265470
1.5	5.5	80.0	-559.538682750
1.5	5.5	90.0	-559.539110246
1.5	5.5	110.0	-559.539505749
1.5	6.0	10.0	-559.530678141
1.5	6.0	20.0	-559.532481027
1.5	6.0	40.0	-559.536677138
1.5	6.0	50.0	-559.538120253
1.5	6.0	60.0	-559.538998689
1.5	6.0	80.0	-559.539625677
1.5	6.0	90.0	-559.539675334
1.5	6.0	100.0	-559.539684222
1.5	6.0	110.0	-559.539693872
1.5	6.5	10.0	-559.537104625
1.5	6.5	20.0	-559.537739767
1.5	6.5	30.0	-559.538500898
1.5	6.5	40.0	-559.539153546
1.5	6.5	60.0	-559.539787869
1.5	6.5	70.0	-559.539826831
1.5	6.5	90.0	-559.539696787
1.5	6.5	100.0	-559.539631552
1.5	6.5	110.0	-559.539592228
1.5	7.0	10.0	-559.539184582
1.5	7.0	20.0	-559.539397436
1.5	7.0	40.0	-559.539813595
1.5	7.0	50.0	-559.539885368
1.5	7.0	60.0	-559.539858028
1.5	7.0	70.0	-559.539765447
1.5	7.0	90.0	-559.539545222
1.5	7.0	100.0	-559.539469604
1.5	7.0	110.0	-559.539424314
2.0	1.0	10.0	-544.856775607
2.0	1.0	30.0	-550.766374347
2.0	1.0	40.0	-553.234732907
2.0	1.0	50.0	-554.861971937
2.0	2.5	100.0	-559.421967255
2.0	2.5	110.0	-559.448341189
2.0	3.0	10.0	-548.680229731
2.0	3.0	20.0	-553.956978333
2.0	3.0	30.0	-557.163138305
2.0	3.0	40.0	-558.527617908
2.0	3.0	50.0	-559.044918610
2.0	3.0	60.0	-559.226805640
2.0	3.0	70.0	-559.333628832
2.0	3.0	80.0	-559.415413417
2.0	3.0	90.0	-559.461133974
2.0	3.0	100.0	-559.486063382
2.0	3.0	110.0	-559.499807811
2.0	3.5	10.0	-556.866053725
2.0	3.5	20.0	-557.939929119
2.0	3.5	30.0	-558.726603803
2.0	3.5	40.0	-559.118233358
2.0	3.5	50.0	-559.270411730
2.0	3.5	60.0	-559.365974900
2.0	3.5	70.0	-559.443591167
2.0	3.5	80.0	-559.485615322
2.0	3.5	90.0	-559.507743241
2.0	3.5	100.0	-559.519574357
2.0	3.5	110.0	-559.526103194
2.0	4.0	10.0	-558.776344629
2.0	4.0	20.0	-559.013097237
2.0	4.0	30.0	-559.205495089
2.0	4.0	40.0	-559.304853823
2.0	4.0	50.0	-559.398071373
2.0	4.0	60.0	-559.465186190
2.0	4.0	70.0	-559.501846758
2.0	4.0	80.0	-559.520865057
2.0	4.0	90.0	-559.530650383
2.0	4.0	100.0	-559.535774545
2.0	4.5	10.0	-559.234391129
2.0	4.5	20.0	-559.289810124
2.0	4.5	30.0	-559.356163399
2.0	4.5	40.0	-559.430788394
2.0	4.5	60.0	-559.512948246
2.0	4.5	70.0	-559.528899212
2.0	4.5	90.0	-559.540885239
2.0	4.5	100.0	-559.542900325
2.0	4.5	110.0	-559.544057330
2.0	5.0	10.0	-559.388341953
2.0	5.0	20.0	-559.423425518
2.0	5.0	30.0	-559.465009281
2.0	5.0	40.0	-559.499085769
2.0	5.0	50.0	-559.521406803
2.0	5.0	60.0	-559.534073210
2.0	5.0	70.0	-559.540557256
2.0	5.0	80.0	-559.543631967
2.0	5.0	90.0	-559.545045212
2.0	5.0	100.0	-559.545734210
2.0	5.0	110.0	-559.546134710
2.0	5.5	10.0	-559.482006230
2.0	5.5	20.0	-559.497489031
2.0	5.5	30.0	-559.514873128
2.0	5.5	70.0	-559.545135827
2.0	5.5	80.0	-559.546135943
2.0	5.5	90.0	-559.546519432
2.0	5.5	100.0	-559.546666604
2.0	5.5	110.0	-559.546743184
2.0	6.0	10.0	-559.522612248
2.0	6.0	20.0	-559.528713711
2.0	6.0	30.0	-559.535507654
2.0	6.0	40.0	-559.540891705
2.0	6.0	50.0	-559.544259220
2.0	6.0	60.0	-559.545977894
2.0	6.0	70.0	-559.546680578
2.0	6.0	80.0	-559.546872833
2.0	6.0	90.0	-559.546861980
2.0	6.0	100.0	-559.546804331
2.0	6.0	110.0	-559.546761055
2.0	6.5	10.0	-559.538597368
2.0	6.5	20.0	-559.540889392
2.0	6.5	30.0	-559.543406834
2.0	6.5	40.0	-559.545338546
2.0	6.5	50.0	-559.546460794
2.0	6.5	60.0	-559.546931858
2.0	6.5	70.0	-559.547010597
2.0	6.5	80.0	-559.546912055
2.0	6.5	90.0	-559.546773261
2.0	6.5	100.0	-559.546659743
2.0	6.5	110.0	-559.546588526
2.0	7.0	10.0	-559.544391319
2.0	7.0	20.0	-559.545218966
2.0	7.0	30.0	-559.546100064
2.0	7.0	40.0	-559.546724946
2.0	7.0	50.0	-559.547010879
2.0	7.0	60.0	-559.547027887
2.0	7.0	70.0	-559.546895460
2.0	7.0	80.0	-559.546719009
2.0	7.0	90.0	-559.546563982
2.0	7.0	100.0	-559.546455180
2.0	7.0	110.0	-559.546391173
2.5	1.0	10.0	-554.611184454
2.5	1.0	20.0	-555.171550497
2.5	1.0	30.0	-555.802816741
2.5	1.0	40.0	-556.341203135
2.5	1.0	50.0	-556.729720143
2.5	1.0	60.0	-556.987906840
2.5	1.0	70.0	-557.147105339
2.5	1.0	80.0	-557.239925177
2.5	1.0	90.0	-557.292471859
2.5	1.0	100.0	-557.320781447
2.5	1.0	110.0	-557.339354344
2.5	1.5	10.0	-547.350830431
2.5	1.5	20.0	-551.625905442
2.5	1.5	30.0	-555.165679022
2.5	1.5	40.0	-557.163138682
2.5	1.5	50.0	-558.136953679
2.5	1.5	60.0	-558.588420125
2.5	1.5	70.0	-558.795271784
2.5	1.5	80.0	-558.893931005
2.5	1.5	90.0	-558.946063264
2.5	1.5	100.0	-558.977482935
2.5	1.5	110.0	-559.001734614
2.5	2.0	10.0	-517.097965966
2.5	2.0	20.0	-542.485171588
2.5	2.0	30.0	-553.133974636
2.5	2.0	40.0	-557.191240588
2.5	2.0	50.0	-558.550533537
2.5	2.0	60.0	-559.027556482
2.5	2.0	70.0	-559.206625942
2.5	2.0	80.0	-559.288653219
2.5	2.0	90.0	-559.336631329
2.5	2.0	100.0	-559.369883821
2.5	2.0	110.0	-559.398637413
2.5	2.5	10.0	-447.425827334
2.5	2.5	20.0	-539.750810509
2.5	2.5	30.0	-553.771998375
2.5	2.5	40.0	-557.778375299
2.5	2.5	50.0	-558.879080858
2.5	2.5	60.0	-559.206326429
2.5	2.5	70.0	-559.319355341
2.5	2.5	80.0	-559.384256623
2.5	2.5	90.0	-559.425234655
2.5	2.5	100.0	-559.457654708
2.5	2.5	110.0	-559.472728125
2.5	3.0	10.0	-525.301902532
2.5	3.0	20.0	-548.349997622
2.5	3.0	30.0	-556.406691076
2.5	3.0	40.0	-558.574913614
2.5	3.0	50.0	-559.161418863
2.5	3.0	60.0	-559.310347695
2.5	3.0	70.0	-559.358550532
2.5	3.0	80.0	-559.418418657
2.5	3.0	90.0	-559.448868691
2.5	3.0	100.0	-559.465311671
2.5	3.0	110.0	-559.474070715
2.5	3.5	10.0	-549.827456716
2.5	3.5	20.0	-555.719048497
2.5	3.5	30.0	-558.282353018
2.5	3.5	40.0	-559.099364551
2.5	3.5	50.0	-559.319662268
2.5	3.5	60.0	-559.356770521
2.5	3.5	70.0	-559.409825688
2.5	3.5	80.0	-559.446194834
2.5	3.5	90.0	-559.463581831
2.5	3.5	100.0	-559.471900888
2.5	3.5	110.0	-559.475882567
2.5	4.0	10.0	-557.168378502
2.5	4.0	20.0	-558.389061146
2.5	4.0	30.0	-559.074970582
2.5	4.0	40.0	-559.319456012
2.5	4.0	50.0	-559.370631928
2.5	4.0	60.0	-559.409831953
2.5	4.0	70.0	-559.450013436
2.5	4.0	80.0	-559.468327261
2.5	4.0	90.0	-559.476615148
2.5	4.0	100.0	-559.480446667
2.5	4.0	110.0	-559.482393762
2.5	4.5	10.0	-558.895033376
2.5	4.5	20.0	-559.164153846
2.5	4.5	30.0	-559.328715720
2.5	4.5	40.0	-559.377731556
2.5	4.5	50.0	-559.412007230
2.5	4.5	60.0	-559.453226675
2.5	4.5	70.0	-559.472084660
2.5	4.5	80.0	-559.480246286
2.5	4.5	90.0	-559.483702610
2.5	4.5	100.0	-559.485241062
2.5	4.5	110.0	-559.486051114
2.5	5.0	10.0	-559.306373356
2.5	5.0	20.0	-559.358564287
2.5	5.0	30.0	-559.384579679
2.5	5.0	40.0	-559.417865858
2.5	5.0	50.0	-559.455665489
2.5	5.0	60.0	-559.474311672
2.5	5.0	70.0	-559.482429325
2.5	5.0	80.0	-559.485662892
2.5	5.0	90.0	-559.486895684
2.5	5.0	100.0	-559.487389955
2.5	5.0	110.0	-559.487640843
2.5	5.5	10.0	-559.392030293
2.5	5.5	20.0	-559.402121500
2.5	5.5	30.0	-559.430525535
2.5	5.5	40.0	-559.459180761
2.5	5.5	50.0	-559.475783898
2.5	5.5	60.0	-559.483594292
2.5	5.5	70.0	-559.486721711
2.5	5.5	80.0	-559.487794888
2.5	5.5	90.0	-559.488092946
2.5	5.5	100.0	-559.488148018
2.5	5.5	110.0	-559.488158701
2.5	6.0	10.0	-559.434821177
2.5	6.0	20.0	-559.448699307
2.5	6.0	30.0	-559.465291102
2.5	6.0	40.0	-559.477541033
2.5	6.0	50.0	-559.484287098
2.5	6.0	60.0	-559.487233216
2.5	6.0	70.0	-559.488236915
2.5	6.0	80.0	-559.488436142
2.5	6.0	90.0	-559.488372562
2.5	6.0	100.0	-559.488269984
2.5	6.0	110.0	-559.488200764
2.5	6.5	10.0	-559.466649791
2.5	6.5	20.0	-559.473260807
2.5	6.5	30.0	-559.480160550
2.5	6.5	40.0	-559.484986437
2.5	6.5	50.0	-559.487479775
2.5	6.5	60.0	-559.488417270
2.5	6.5	70.0	-559.318448379
2.5	6.5	80.0	-559.488461260
2.5	6.5	90.0	-559.488287689
2.5	6.5	100.0	-559.488153052
2.5	6.5	110.0	-559.488073623
2.5	7.0	10.0	-559.480576538
2.5	7.0	20.0	-559.483236668
2.5	7.0	30.0	-559.485895474
2.5	7.0	40.0	-559.487655568
2.5	7.0	50.0	-559.488453558
2.5	7.0	60.0	-559.488617398
2.5	7.0	70.0	-559.318123215
2.5	7.0	80.0	-559.488276621
2.5	7.0	90.0	-559.488098707
2.5	7.0	100.0	-559.487980184
2.5	7.0	110.0	-559.487914640
3.0	1.0	10.0	-556.732308778
3.0	1.0	20.0	-556.856244221
3.0	1.0	30.0	-556.991687873
3.0	1.0	40.0	-557.114389900
3.0	1.0	50.0	-557.217782936
3.0	1.0	60.0	-557.298476771
3.0	1.0	70.0	-557.353991824
3.0	1.0	80.0	-557.388483579
3.0	1.0	90.0	-557.407257473
3.0	1.0	100.0	-557.422239276
3.0	1.0	110.0	-557.436303360
3.0	1.5	10.0	-556.384004368
3.0	1.5	20.0	-557.224302882
3.0	1.5	30.0	-557.986316439
3.0	1.5	40.0	-558.481882160
3.0	1.5	50.0	-558.758889719
3.0	1.5	60.0	-558.903135363
3.0	1.5	70.0	-558.977033314
3.0	1.5	80.0	-559.015624151
3.0	1.5	90.0	-559.038838947
3.0	1.5	100.0	-559.059083669
3.0	1.5	110.0	-559.075172325
3.0	2.0	10.0	-548.732696300
3.0	2.0	20.0	-554.070957871
3.0	2.0	30.0	-557.264854963
3.0	2.0	40.0	-558.588772845
3.0	2.0	50.0	-559.084269230
3.0	2.0	60.0	-559.270255707
3.0	2.0	70.0	-559.340810350
3.0	2.0	80.0	-559.379324856
3.0	2.0	90.0	-559.408485516
3.0	2.0	100.0	-559.430106008
3.0	2.0	110.0	-559.443667487
3.0	2.5	10.0	-525.165698196
3.0	2.5	20.0	-548.409877715
3.0	2.5	30.0	-556.487808066
3.0	2.5	40.0	-558.624392393
3.0	2.5	50.0	-559.190225107
3.0	2.5	60.0	-559.344530958
3.0	2.5	70.0	-559.404021915
3.0	2.5	80.0	-559.444125933
3.0	2.5	90.0	-559.473399874
3.0	2.5	100.0	-559.490451574
3.0	2.5	110.0	-559.499784428
3.0	3.0	10.0	-493.180228403
3.0	3.0	20.0	-547.310257966
3.0	3.0	30.0	-556.892438544
3.0	3.0	40.0	-558.856829524
3.0	3.0	50.0	-559.285599422
3.0	3.0	60.0	-559.364597431
3.0	3.0	70.0	-559.400021168
3.0	3.0	80.0	-559.438438341
3.0	3.0	90.0	-559.460902514
3.0	3.0	100.0	-559.472340704
3.0	3.0	110.0	-559.477986913
3.0	3.5	10.0	-530.986314438
3.0	3.5	20.0	-552.610077897
3.0	3.5	30.0	-558.027799828
3.0	3.5	40.0	-559.147784799
3.0	3.5	50.0	-559.366007767
3.0	3.5	60.0	-559.382645426
3.0	3.5	70.0	-559.387796638
3.0	3.5	80.0	-559.420952013
3.0	3.5	90.0	-559.436812102
3.0	3.5	100.0	-559.443828067
3.0	3.5	110.0	-559.446953418
3.0	4.0	10.0	-551.136283859
3.0	4.0	20.0	-556.874787835
3.0	4.0	30.0	-558.882318495
3.0	4.0	40.0	-559.331672820
3.0	4.0	50.0	-559.398735061
3.0	4.0	60.0	-559.382064560
3.0	4.0	70.0	-559.406898055
3.0	4.0	80.0	-559.423459696
3.0	4.0	90.0	-559.430400113
3.0	4.0	100.0	-559.433230380
3.0	4.0	110.0	-559.434310486
3.0	4.5	10.0	-557.427616328
3.0	4.5	20.0	-558.721788480
3.0	4.5	30.0	-559.271910277
3.0	4.5	40.0	-559.400171849
3.0	4.5	50.0	-559.397023456
3.0	4.5	60.0	-559.371963752
3.0	4.5	70.0	-559.423860425
3.0	4.5	80.0	-559.431451574
3.0	4.5	90.0	-559.434217914
3.0	4.5	100.0	-559.435201020
3.0	4.5	110.0	-559.435576449
3.0	5.0	10.0	-558.977464701
3.0	5.0	20.0	-559.266347746
3.0	5.0	30.0	-559.394389688
3.0	5.0	40.0	-559.405713307
3.0	5.0	50.0	-559.382243789
3.0	5.0	60.0	-559.361822345
3.0	5.0	70.0	-559.432788598
3.0	5.0	80.0	-559.435931661
3.0	5.0	90.0	-559.436923062
3.0	5.0	100.0	-559.437215164
3.0	5.0	110.0	-559.437323805
3.0	5.5	10.0	-559.348438437
3.0	5.5	20.0	-559.399825865
3.0	5.5	30.0	-559.409613987
3.0	5.5	40.0	-559.390473577
3.0	5.5	50.0	-559.421894868
3.0	5.5	60.0	-559.433010596
3.0	5.5	70.0	-559.436825094
3.0	5.5	80.0	-559.437929495
3.0	5.5	90.0	-559.438155215
3.0	5.5	100.0	-559.438150135
3.0	5.5	110.0	-559.438126687
3.0	6.0	10.0	-559.413810230
3.0	6.0	20.0	-559.411527095
3.0	6.0	30.0	-559.398577573
3.0	6.0	40.0	-559.420374687
3.0	6.0	50.0	-559.432440636
3.0	6.0	60.0	-559.437035700
3.0	6.0	70.0	-559.438400945
3.0	6.0	80.0	-559.438640450
3.0	6.0	90.0	-559.438566336
3.0	6.0	100.0	-559.438459174
3.0	6.0	110.0	-559.438393687
3.0	6.5	10.0	-559.412323280
3.0	6.5	20.0	-559.409412349
3.0	6.5	30.0	-559.421430509
3.0	6.5	40.0	-559.431899193
3.0	6.5	50.0	-559.436838747
3.0	6.5	60.0	-559.350276001
3.0	6.5	70.0	-559.350771318
3.0	6.5	80.0	-559.438768239
3.0	6.5	90.0	-559.438605856
3.0	6.5	100.0	-559.438484581
3.0	6.5	110.0	-559.438418307
3.0	7.0	10.0	-559.420307327
3.0	7.0	20.0	-559.425714700
3.0	7.0	30.0	-559.432324143
3.0	7.0	40.0	-559.436596104
3.0	7.0	50.0	-559.438436755
3.0	7.0	60.0	-559.350292129
3.0	7.0	70.0	-559.350681632
3.0	7.0	80.0	-559.438673712
3.0	7.0	90.0	-559.438511851
3.0	7.0	100.0	-559.438409089
3.0	7.0	110.0	-559.438355865
3.5	1.0	10.0	-557.222588771
3.5	1.0	20.0	-557.261216641
3.5	1.0	30.0	-557.298752016
3.5	1.0	40.0	-557.336367031
3.5	1.0	50.0	-557.375789482
3.5	1.0	60.0	-557.400592227
3.5	1.0	70.0	-557.426270694
3.5	1.0	80.0	-557.444770833
3.5	1.0	90.0	-557.460388119
3.5	1.0	100.0	-557.472496191
3.5	1.0	110.0	-557.481468794
3.5	1.5	10.0	-558.380319183
3.5	1.5	20.0	-558.562725886
3.5	1.5	30.0	-558.733816478
3.5	1.5	40.0	-558.861333142
3.5	1.5	50.0	-558.952147059
3.5	1.5	60.0	-559.010208222
3.5	1.5	70.0	-559.044217055
3.5	1.5	80.0	-559.067778694
3.5	1.5	90.0	-559.086022207
3.5	1.5	100.0	-559.098623569
3.5	1.5	110.0	-559.106770536
3.5	2.0	10.0	-556.937949039
3.5	2.0	20.0	-557.990275949
3.5	2.0	30.0	-558.737073195
3.5	2.0	40.0	-559.115761396
3.5	2.0	50.0	-559.290417538
3.5	2.0	60.0	-559.362019651
3.5	2.0	70.0	-559.400470915
3.5	2.0	80.0	-559.428539079
3.5	2.0	90.0	-559.447687962
3.5	2.0	100.0	-559.458973964
3.5	2.0	110.0	-559.465336419
3.5	2.5	10.0	-549.944969595
3.5	2.5	20.0	-555.758469835
3.5	2.5	30.0	-558.310617672
3.5	2.5	40.0	-559.113495369
3.5	2.5	50.0	-559.342328258
3.5	2.5	60.0	-559.413209369
3.5	2.5	70.0	-559.454317058
3.5	2.5	80.0	-559.484535665
3.5	2.5	90.0	-559.501392173
3.5	2.5	100.0	-559.510008503
3.5	2.5	110.0	-559.514378206
3.5	3.0	10.0	-529.552420871
3.5	3.0	20.0	-552.632472202
3.5	3.0	30.0	-558.049422980
3.5	3.0	40.0	-559.150471608
3.5	3.0	50.0	-559.362119914
3.5	3.0	60.0	-559.397321108
3.5	3.0	70.0	-559.439614431
3.5	3.0	80.0	-559.466218674
3.5	3.0	90.0	-559.478909892
3.5	3.0	100.0	-559.484742931
3.5	3.0	110.0	-559.487488732
3.5	3.5	10.0	-510.875115311
3.5	3.5	20.0	-552.298372006
3.5	3.5	30.0	-558.288643788
3.5	3.5	40.0	-559.254552718
3.5	3.5	50.0	-559.396242608
3.5	3.5	60.0	-559.389039360
3.5	3.5	70.0	-559.415058587
3.5	3.5	80.0	-559.435082576
3.5	3.5	90.0	-559.443713252
3.5	3.5	100.0	-559.447348308
3.5	3.5	110.0	-559.448897941
3.5	4.0	10.0	-536.455481444
3.5	4.0	20.0	-555.303627145
3.5	4.0	30.0	-558.801773613
3.5	4.0	40.0	-559.357880456
3.5	4.0	50.0	-559.412369316
3.5	4.0	60.0	-559.388761348
3.5	4.0	70.0	-559.395145790
3.5	4.0	80.0	-559.410106227
3.5	4.0	90.0	-559.416128731
3.5	4.0	100.0	-559.418421945
3.5	4.0	110.0	-559.419290385
3.5	4.5	10.0	-552.298742596
3.5	4.5	20.0	-557.842809809
3.5	4.5	30.0	-559.192479010
3.5	4.5	40.0	-559.412512355
3.5	4.5	50.0	-559.409333690
3.5	4.5	60.0	-559.382555405
3.5	4.5	70.0	-559.395633580
3.5	4.5	80.0	-559.403018589
3.5	4.5	90.0	-559.405796435
3.5	4.5	100.0	-559.406739034
3.5	4.5	110.0	-559.407002764
3.5	5.0	10.0	-557.662286741
3.5	5.0	20.0	-558.962815419
3.5	5.0	30.0	-559.374010936
3.5	5.0	40.0	-559.422396930
3.5	5.0	50.0	-559.396870124
3.5	5.0	60.0	-559.375654057
3.5	5.0	70.0	-559.402469282
3.5	5.0	80.0	-559.405290946
3.5	5.0	90.0	-559.406057424
3.5	5.0	100.0	-559.406167819
3.5	5.0	110.0	-559.406090451
3.5	5.5	10.0	-559.039342808
3.5	5.5	20.0	-559.334968826
3.5	5.5	30.0	-559.423505312
3.5	5.5	40.0	-559.409706922
3.5	5.5	50.0	-559.383999994
3.5	5.5	60.0	-559.370719275
3.5	5.5	70.0	-559.406073174
3.5	5.5	80.0	-559.407112672
3.5	5.5	90.0	-559.407264692
3.5	5.5	100.0	-559.407208866
3.5	5.5	110.0	-559.407149921
3.5	6.0	10.0	-559.372726888
3.5	6.0	20.0	-559.421847110
3.5	6.0	30.0	-559.417974784
3.5	6.0	40.0	-559.392687648
3.5	6.0	50.0	-559.374978234
3.5	6.0	60.0	-559.368004528
3.5	6.0	70.0	-559.407653456
3.5	6.0	80.0	-559.407917211
3.5	6.0	90.0	-559.407846696
3.5	6.0	100.0	-559.407748232
3.5	6.0	110.0	-559.407690335
3.5	6.5	10.0	-559.427050003
3.5	6.5	20.0	-559.420248150
3.5	6.5	30.0	-559.399574559
3.5	6.5	40.0	-559.396553850
3.5	6.5	50.0	-559.405131163
3.5	6.5	60.0	-559.366829200
3.5	6.5	70.0	-559.367122800
3.5	6.5	80.0	-559.408170718
3.5	6.5	90.0	-559.408037082
3.5	6.5	100.0	-559.407940052
3.5	6.5	110.0	-559.407889766
3.5	7.0	10.0	-559.415303772
3.5	7.0	20.0	-559.402047129
3.5	7.0	30.0	-559.394960752
3.5	7.0	40.0	-559.403827145
3.5	7.0	50.0	-559.407367329
3.5	7.0	60.0	-559.366630302
3.5	7.0	70.0	-559.367014023
3.5	7.0	80.0	-559.408183709
3.5	7.0	90.0	-559.408053111
3.5	7.0	100.0	-559.407973952
3.5	7.0	110.0	-559.407934913
4.0	1.0	10.0	-557.367877096
4.0	1.0	20.0	-557.387403306
4.0	1.0	30.0	-557.406047777
4.0	1.0	40.0	-557.424372256
4.0	1.0	60.0	-557.459427913
4.0	1.0	70.0	-557.469963880
4.0	1.0	80.0	-557.481654245
4.0	1.0	90.0	-557.490244169
4.0	1.0	100.0	-557.496330050
4.0	1.0	110.0	-557.500536548
4.0	1.5	20.0	-558.904406476
4.0	1.5	40.0	-559.001287909
4.0	1.5	50.0	-559.041490571
4.0	1.5	60.0	-559.061943157
4.0	1.5	70.0	-559.084456826
4.0	1.5	80.0	-559.099929247
4.0	1.5	90.0	-559.109841620
4.0	1.5	100.0	-559.115924117
4.0	1.5	110.0	-559.119581864
4.0	2.0	10.0	-558.788873171
4.0	2.0	20.0	-559.014512315
4.0	2.0	30.0	-559.189919381
4.0	2.0	40.0	-559.305267549
4.0	2.0	50.0	-559.369305929
4.0	2.0	60.0	-559.410709818
4.0	2.0	70.0	-559.438905020
4.0	2.0	80.0	-559.456453162
4.0	2.0	90.0	-559.466259901
4.0	2.0	100.0	-559.471498586
4.0	2.0	110.0	-559.474285803
4.0	2.5	10.0	-557.212209733
4.0	2.5	20.0	-558.400844275
4.0	2.5	30.0	-559.039534314
4.0	2.5	40.0	-559.306487108
4.0	2.5	50.0	-559.414705779
4.0	2.5	60.0	-559.456791874
4.0	2.5	70.0	-559.489018591
4.0	2.5	80.0	-559.506485983
4.0	2.5	90.0	-559.514919438
4.0	2.5	100.0	-559.518898552
4.0	2.5	110.0	-559.520839448
4.0	3.0	10.0	-551.138945958
4.0	3.0	20.0	-556.971125556
4.0	3.0	30.0	-558.873261500
4.0	3.0	40.0	-559.315415389
4.0	3.0	50.0	-559.389190232
4.0	3.0	60.0	-559.434385109
4.0	3.0	70.0	-559.466906352
4.0	3.0	80.0	-559.481997287
4.0	3.0	90.0	-559.488418481
4.0	3.0	100.0	-559.491168154
4.0	3.0	110.0	-559.492446380
4.0	3.5	10.0	-535.205850949
4.0	3.5	20.0	-555.306478042
4.0	3.5	30.0	-558.799459899
4.0	3.5	40.0	-559.350391068
4.0	3.5	50.0	-559.403952426
4.0	3.5	60.0	-559.405787236
4.0	3.5	70.0	-559.434443956
4.0	3.5	80.0	-559.445980373
4.0	3.5	90.0	-559.450419765
4.0	3.5	100.0	-559.452174345
4.0	3.5	110.0	-559.452949015
4.0	4.0	10.0	-525.982452306
4.0	4.0	20.0	-555.280152900
4.0	4.0	30.0	-558.936200166
4.0	4.0	40.0	-559.392873169
4.0	4.0	50.0	-559.413260775
4.0	4.0	60.0	-559.386585640
4.0	4.0	70.0	-559.408278438
4.0	4.0	80.0	-559.416283492
4.0	4.0	90.0	-559.419179131
4.0	4.0	100.0	-559.420216512
4.0	4.0	110.0	-559.420581543
4.0	4.5	10.0	-541.160369195
4.0	4.5	20.0	-556.945184344
4.0	4.5	30.0	-559.170585389
4.0	4.5	40.0	-559.422525601
4.0	4.5	50.0	-559.410508462
4.0	4.5	60.0	-559.384147692
4.0	4.5	70.0	-559.391613454
4.0	4.5	80.0	-559.397591010
4.0	4.5	90.0	-559.399665412
4.0	4.5	100.0	-559.400330068
4.0	4.5	110.0	-559.400522873
4.0	5.0	10.0	-553.373348734
4.0	5.0	20.0	-558.426042466
4.0	5.0	30.0	-559.344820011
4.0	5.0	40.0	-559.429542894
4.0	5.0	50.0	-559.401122494
4.0	5.0	60.0	-559.380603784
4.0	5.0	70.0	-559.388168955
4.0	5.0	80.0	-559.391264487
4.0	5.0	90.0	-559.392229961
4.0	5.0	100.0	-559.392477758
4.0	5.0	110.0	-559.392511120
4.0	5.5	10.0	-557.879711711
4.0	5.5	20.0	-559.135661960
4.0	5.5	30.0	-559.420288490
4.0	5.5	40.0	-559.419738133
4.0	5.5	50.0	-559.390840060
4.0	5.5	60.0	-559.377573485
4.0	5.5	70.0	-559.390593704
4.0	5.5	80.0	-559.391498513
4.0	5.5	90.0	-559.391646308
4.0	5.5	100.0	-559.391611094
4.0	5.5	110.0	-559.391548429
4.0	6.0	10.0	-559.090589459
4.0	6.0	20.0	-559.380499432
4.0	6.0	30.0	-559.431453758
4.0	6.0	40.0	-559.404106026
4.0	6.0	50.0	-559.382969850
4.0	6.0	60.0	-559.375662473
4.0	6.0	70.0	-559.392005892
4.0	6.0	80.0	-559.392234120
4.0	6.0	90.0	-559.392162804
4.0	6.0	100.0	-559.392071228
4.0	6.0	110.0	-559.392012985
4.0	6.5	10.0	-559.387851624
4.0	6.5	20.0	-559.432289182
4.0	6.5	30.0	-559.416647415
4.0	6.5	40.0	-559.390643811
4.0	6.5	50.0	-559.378175814
4.0	6.5	60.0	-559.374733355
4.0	6.5	70.0	-559.392591515
4.0	6.5	80.0	-559.392557781
4.0	6.5	90.0	-559.392446823
4.0	6.5	100.0	-559.392369972
4.0	6.5	110.0	-559.392330691
4.0	7.0	10.0	-559.433406111
4.0	7.0	20.0	-559.422565042
4.0	7.0	30.0	-559.398776502
4.0	7.0	40.0	-559.382110577
4.0	7.0	50.0	-559.391351991
4.0	7.0	60.0	-559.374515119
4.0	7.0	70.0	-559.374848954
4.0	7.0	80.0	-559.392645961
4.0	7.0	90.0	-559.392542060
4.0	7.0	100.0	-559.392482796
4.0	7.0	110.0	-559.392454421
4.5	1.0	10.0	-557.441690999
4.5	1.0	20.0	-557.449681382
4.5	1.0	30.0	-557.459173244
4.5	1.0	40.0	-557.469060518
4.5	1.0	50.0	-557.478980881
4.5	1.0	60.0	-557.487663979
4.5	1.0	70.0	-557.494703203
4.5	1.0	80.0	-557.500002031
4.5	1.0	90.0	-557.503790166
4.5	1.0	100.0	-557.506399356
4.5	1.0	110.0	-557.508158538
4.5	1.5	10.0	-558.989369343
4.5	1.5	20.0	-559.015731852
4.5	1.5	30.0	-559.039746498
4.5	1.5	40.0	-559.061932460
4.5	1.5	50.0	-559.081494320
4.5	1.5	60.0	-559.096713835
4.5	1.5	70.0	-559.108471859
4.5	1.5	80.0	-559.115941752
4.5	1.5	90.0	-559.120445007
4.5	1.5	100.0	-559.123082235
4.5	1.5	110.0	-559.124625560
4.5	2.0	10.0	-559.230199673
4.5	2.0	20.0	-559.292947598
4.5	2.0	30.0	-559.345483969
4.5	2.0	40.0	-559.390674892
4.5	2.0	50.0	-559.418898405
4.5	2.0	60.0	-559.445304027
4.5	2.0	70.0	-559.461220415
4.5	2.0	80.0	-559.469903226
4.5	2.0	90.0	-559.474378644
4.5	2.0	100.0	-559.476646405
4.5	2.0	110.0	-559.477836700
4.5	2.5	10.0	-558.908770124
4.5	2.5	20.0	-559.163771073
4.5	2.5	30.0	-559.315095604
4.5	2.5	40.0	-559.399769973
4.5	2.5	50.0	-559.455068614
4.5	2.5	60.0	-559.489706249
4.5	2.5	70.0	-559.508314582
4.5	2.5	80.0	-559.517028447
4.5	2.5	90.0	-559.520902201
4.5	2.5	100.0	-559.522639905
4.5	2.5	110.0	-559.523491681
4.5	3.0	10.0	-557.436877403
4.5	3.0	20.0	-558.707291079
4.5	3.0	30.0	-559.242237980
4.5	3.0	40.0	-559.367336068
4.5	3.0	50.0	-559.423383081
4.5	3.0	60.0	-559.463181100
4.5	3.0	70.0	-559.482124669
4.5	3.0	80.0	-559.489799929
4.5	3.0	90.0	-559.492801751
4.5	3.0	100.0	-559.494027503
4.5	3.0	110.0	-559.494607223
4.5	3.5	10.0	-552.293891111
4.5	3.5	20.0	-557.833506658
4.5	3.5	30.0	-559.178577452
4.5	3.5	40.0	-559.396469060
4.5	3.5	50.0	-559.394095351
4.5	3.5	60.0	-559.428591922
4.5	3.5	70.0	-559.445611015
4.5	3.5	80.0	-559.451657085
4.5	3.5	90.0	-559.453782612
4.5	3.5	100.0	-559.454585560
4.5	3.5	110.0	-559.454955325
4.5	4.0	10.0	-540.049560066
4.5	4.0	20.0	-556.941753026
4.5	4.0	30.0	-559.165107231
4.5	4.0	40.0	-559.416335510
4.5	4.0	50.0	-559.404611822
4.5	4.0	60.0	-559.402708300
4.5	4.0	70.0	-559.416188081
4.5	4.0	80.0	-559.420498869
4.5	4.0	90.0	-559.421889311
4.5	4.0	100.0	-559.422366466
4.5	4.0	110.0	-559.422569745
4.5	4.5	10.0	-533.544075110
4.5	4.5	20.0	-556.944008759
4.5	4.5	30.0	-559.237578868
4.5	4.5	40.0	-559.428963195
4.5	4.5	50.0	-559.404674580
4.5	4.5	60.0	-559.387785595
4.5	4.5	70.0	-559.397206420
4.5	4.5	80.0	-559.400061109
4.5	4.5	90.0	-559.400945756
4.5	4.5	100.0	-559.401202199
4.5	4.5	110.0	-559.401262591
4.5	5.0	10.0	-544.442491875
4.5	5.0	20.0	-557.945772026
4.5	5.0	30.0	-559.341261805
4.5	5.0	40.0	-559.430878095
4.5	5.0	50.0	-559.399017206
4.5	5.0	60.0	-559.381009242
4.5	5.0	70.0	-559.386878129
4.5	5.0	80.0	-559.389121877
4.5	5.0	90.0	-559.389791917
4.5	5.0	100.0	-559.389961410
4.5	5.0	110.0	-559.389993892
4.5	5.5	10.0	-554.342069614
4.5	5.5	20.0	-558.812553351
4.5	5.5	30.0	-559.412011864
4.5	5.5	40.0	-559.422609398
4.5	5.5	50.0	-559.391850344
4.5	5.5	60.0	-559.379854325
4.5	5.5	70.0	-559.384200102
4.5	5.5	80.0	-559.385364752
4.5	5.5	90.0	-559.385652174
4.5	5.5	100.0	-559.385702649
4.5	5.5	110.0	-559.385701044
4.5	6.0	10.0	-558.081791844
4.5	6.0	20.0	-559.255272959
4.5	6.0	30.0	-559.435331320
4.5	6.0	40.0	-559.409284979
4.5	6.0	50.0	-559.385803749
4.5	6.0	60.0	-559.378807440
4.5	6.0	70.0	-559.384976045
4.5	6.0	80.0	-559.385165085
4.5	6.0	90.0	-559.385152994
4.5	6.0	100.0	-559.385122449
4.5	6.0	110.0	-559.385100373
4.5	6.5	10.0	-559.135868417
4.5	6.5	20.0	-559.409594500
4.5	6.5	30.0	-559.428232728
4.5	6.5	40.0	-559.396560978
4.5	6.5	50.0	-559.381759214
4.5	6.5	60.0	-559.378236236
4.5	6.5	70.0	-559.385504832
4.5	6.5	80.0	-559.385461262
4.5	6.5	90.0	-559.385368995
4.5	6.5	100.0	-559.385309392
4.5	6.5	110.0	-559.385277586
4.5	7.0	10.0	-559.398371404
4.5	7.0	20.0	-559.435799134
4.5	7.0	30.0	-559.410935896
4.5	7.0	40.0	-559.387467899
4.5	7.0	50.0	-559.379482380
4.5	7.0	60.0	-559.378142394
4.5	7.0	70.0	-559.378423311
4.5	7.0	80.0	-559.385589792
4.5	7.0	90.0	-559.385506529
4.5	7.0	100.0	-559.385462599
4.5	7.0	110.0	-559.385441836
5.0	1.0	10.0	-557.483298008
5.0	1.0	20.0	-557.486534633
5.0	1.0	30.0	-557.490654819
5.0	1.0	40.0	-557.495020431
5.0	1.0	50.0	-557.499172718
5.0	1.0	60.0	-557.502770540
5.0	1.0	70.0	-557.505763778
5.0	1.0	80.0	-557.507905071
5.0	1.0	90.0	-557.509410487
5.0	1.0	100.0	-557.510431470
5.0	1.0	110.0	-557.511121777
5.0	1.5	10.0	-559.059132529
5.0	1.5	20.0	-559.070762419
5.0	1.5	30.0	-559.083645395
5.0	1.5	40.0	-559.096336431
5.0	1.5	50.0	-559.106919631
5.0	1.5	60.0	-559.114684858
5.0	1.5	70.0	-559.119843321
5.0	1.5	80.0	-559.123018594
5.0	1.5	90.0	-559.124875017
5.0	1.5	100.0	-559.125940229
5.0	1.5	110.0	-559.126576464
5.0	2.0	10.0	-559.355582691
5.0	2.0	20.0	-559.384285197
5.0	2.0	30.0	-559.409269701
5.0	2.0	40.0	-559.431703181
5.0	2.0	50.0	-559.451314828
5.0	2.0	60.0	-559.464594650
5.0	2.0	70.0	-559.472025880
5.0	2.0	80.0	-559.475858249
5.0	2.0	90.0	-559.477746121
5.0	2.0	100.0	-559.478681669
5.0	2.0	110.0	-559.479189442
5.0	2.5	10.0	-559.314285472
5.0	2.5	20.0	-559.375858854
5.0	2.5	30.0	-559.419028917
5.0	2.5	40.0	-559.456869335
5.0	2.5	50.0	-559.489562210
5.0	2.5	60.0	-559.508671322
5.0	2.5	70.0	-559.517770288
5.0	2.5	80.0	-559.521727664
5.0	2.5	90.0	-559.523391020
5.0	2.5	100.0	-559.524118803
5.0	2.5	110.0	-559.524485161
5.0	3.0	10.0	-558.973874804
5.0	3.0	20.0	-559.248875583
5.0	3.0	30.0	-559.364087344
5.0	3.0	40.0	-559.405108072
5.0	3.0	50.0	-559.456425183
5.0	3.0	60.0	-559.480094323
5.0	3.0	70.0	-559.489758408
5.0	3.0	80.0	-559.493349247
5.0	3.0	90.0	-559.494660763
5.0	3.0	100.0	-559.495177989
5.0	3.0	110.0	-559.495424313
5.0	3.5	10.0	-557.660086835
5.0	3.5	20.0	-558.948570067
5.0	3.5	30.0	-559.353406359
5.0	3.5	40.0	-559.401042431
5.0	3.5	50.0	-559.416514606
5.0	3.5	60.0	-559.442327852
5.0	3.5	70.0	-559.451397509
5.0	3.5	80.0	-559.454321111
5.0	3.5	90.0	-559.455265169
5.0	3.5	100.0	-559.455605054
5.0	3.5	110.0	-559.455760960
5.0	4.0	10.0	-553.367748138
5.0	4.0	20.0	-558.417426368
5.0	4.0	30.0	-559.334567726
5.0	4.0	40.0	-559.419288024
5.0	4.0	50.0	-559.391727654
5.0	4.0	60.0	-559.412855341
5.0	4.0	70.0	-559.420413500
5.0	4.0	80.0	-559.422570208
5.0	4.0	90.0	-559.423194622
5.0	4.0	100.0	-559.423398721
5.0	4.0	110.0	-559.423488750
5.0	4.5	10.0	-544.434220515
5.0	4.5	20.0	-557.942136857
5.0	4.5	30.0	-559.337397266
5.0	4.5	40.0	-559.427197222
5.0	4.5	50.0	-559.395667861
5.0	4.5	60.0	-559.394693217
5.0	4.5	70.0	-559.400294662
5.0	4.5	80.0	-559.401744207
5.0	4.5	90.0	-559.402124678
5.0	4.5	100.0	-559.402233001
5.0	4.5	110.0	-559.402276221
5.0	5.0	10.0	-537.400914641
5.0	5.0	20.0	-558.013444886
5.0	5.0	30.0	-559.371738292
5.0	5.0	40.0	-559.427113098
5.0	5.0	50.0	-559.393876451
5.0	5.0	60.0	-559.385502082
5.0	5.0	70.0	-559.389208935
5.0	5.0	80.0	-559.390108669
5.0	5.0	90.0	-559.390335548
5.0	5.0	100.0	-559.390385538
5.0	5.0	110.0	-559.390393226
5.0	5.5	10.0	-547.328678319
5.0	5.5	20.0	-558.555133644
5.0	5.5	30.0	-559.412769221
5.0	5.5	40.0	-559.420409408
5.0	5.5	50.0	-559.389867080
5.0	5.5	60.0	-559.381619569
5.0	5.5	70.0	-559.383821557
5.0	5.5	80.0	-559.384544543
5.0	5.5	90.0	-559.384744391
5.0	5.5	100.0	-559.384783868
5.0	5.5	110.0	-559.384790961
5.0	6.0	10.0	-555.195705435
5.0	6.0	20.0	-559.064085470
5.0	6.0	30.0	-559.435008266
5.0	6.0	40.0	-559.409813495
5.0	6.0	50.0	-559.385866181
5.0	6.0	60.0	-559.380247018
5.0	6.0	70.0	-559.381414437
5.0	6.0	100.0	-559.382723789
5.0	6.0	110.0	-559.382725434
5.0	6.5	10.0	-558.268470434
5.0	6.5	20.0	-559.335172882
5.0	6.5	30.0	-559.434197556
5.0	6.5	40.0	-559.398907216
5.0	6.5	50.0	-559.382871052
5.0	6.5	60.0	-559.379868198
5.0	6.5	70.0	-559.382511987
5.0	6.5	80.0	-559.382463137
5.0	6.5	90.0	-559.382421674
5.0	6.5	100.0	-559.382407850
5.0	6.5	110.0	-559.382404292
5.0	7.0	10.0	-559.177226066
5.0	7.0	20.0	-559.426859542
5.0	7.0	30.0	-559.420161619
5.0	7.0	40.0	-559.390303662
5.0	7.0	50.0	-559.381010692
5.0	7.0	60.0	-559.379795832
5.0	7.0	70.0	-559.382696138
5.0	7.0	80.0	-559.382595099
5.0	7.0	90.0	-559.382528820
5.0	7.0	100.0	-559.382497016
5.0	7.0	110.0	-559.382481990
5.5	1.0	10.0	-557.501365039
5.5	1.0	20.0	-557.502720197
5.5	1.0	30.0	-557.504245981
5.5	1.0	40.0	-557.505979191
5.5	1.0	50.0	-557.507609756
5.5	1.0	60.0	-557.509005635
5.5	1.0	70.0	-557.510254244
5.5	1.0	80.0	-557.511057355
5.5	1.0	90.0	-557.511610156
5.5	1.0	100.0	-557.511984205
5.5	1.0	110.0	-557.512254089
5.5	1.5	10.0	-559.099195546
5.5	1.5	20.0	-559.104035568
5.5	1.5	30.0	-559.109697892
5.5	1.5	40.0	-559.115054895
5.5	1.5	50.0	-559.119441328
5.5	1.5	60.0	-559.122614207
5.5	1.5	70.0	-559.124681602
5.5	1.5	80.0	-559.125922928
5.5	1.5	90.0	-559.126631291
5.5	1.5	100.0	-559.127040305
5.5	1.5	110.0	-559.127304379
5.5	2.0	10.0	-559.416062021
5.5	2.0	20.0	-559.429888127
5.5	2.0	30.0	-559.444765466
5.5	2.0	40.0	-559.458276351
5.5	2.0	50.0	-559.467830964
5.5	2.0	60.0	-559.473634344
5.5	2.0	70.0	-559.476770828
5.5	2.0	80.0	-559.478329207
5.5	2.0	90.0	-559.479072000
5.5	2.0	100.0	-559.479441873
5.5	2.0	110.0	-559.479653862
5.5	2.5	10.0	-559.417626815
5.5	2.5	20.0	-559.442404992
5.5	2.5	30.0	-559.464013304
5.5	2.5	40.0	-559.491679691
5.5	2.5	50.0	-559.509046761
5.5	2.5	60.0	-559.518001673
5.5	2.5	70.0	-559.522029061
5.5	2.5	80.0	-559.523690784
5.5	2.5	90.0	-559.524356202
5.5	2.5	100.0	-559.524643160
5.5	2.5	110.0	-559.524788809
5.5	3.0	10.0	-559.341653384
5.5	3.0	20.0	-559.390822672
5.5	3.0	30.0	-559.409085021
5.5	3.0	40.0	-559.450095525
5.5	3.0	50.0	-559.476916908
5.5	3.0	60.0	-559.488807867
5.5	3.0	70.0	-559.493292594
5.5	3.0	80.0	-559.494845883
5.5	3.0	90.0	-559.495373115
5.5	3.0	100.0	-559.495570157
5.5	3.0	110.0	-559.495659742
5.5	3.5	10.0	-559.032359659
5.5	3.5	20.0	-559.319013279
5.5	3.5	30.0	-559.402073610
5.5	3.5	40.0	-559.387259701
5.5	3.5	50.0	-559.435893046
5.5	3.5	60.0	-559.449740751
5.5	3.5	70.0	-559.454160380
5.5	3.5	80.0	-559.455462465
5.5	3.5	90.0	-559.455840206
5.5	3.5	100.0	-559.455961857
5.5	3.5	110.0	-559.456012192
5.5	4.0	10.0	-557.875777769
5.5	4.0	20.0	-559.125099729
5.5	4.0	30.0	-559.407777665
5.5	4.0	40.0	-559.407516317
5.5	4.0	50.0	-559.404391081
5.5	4.0	60.0	-559.418607589
5.5	4.0	70.0	-559.422491373
5.5	4.0	80.0	-559.423480711
5.5	4.0	90.0	-559.423727759
5.5	4.0	100.0	-559.423794764
5.5	4.0	110.0	-559.423820102
5.5	4.5	10.0	-554.337087958
5.5	4.5	20.0	-558.806701786
5.5	4.5	30.0	-559.405976463
5.5	4.5	40.0	-559.416975209
5.5	4.5	50.0	-559.386731553
5.5	4.5	60.0	-559.398792911
5.5	4.5	70.0	-559.401841217
5.5	4.5	80.0	-559.402523069
5.5	4.5	90.0	-559.402669708
5.5	4.5	100.0	-559.402701108
5.5	4.5	110.0	-559.402711649
5.5	5.0	10.0	-547.333018198
5.5	5.0	20.0	-558.552748282
5.5	5.0	30.0	-559.410600516
5.5	5.0	40.0	-559.418469029
5.5	5.0	50.0	-559.388108548
5.5	5.0	60.0	-559.388251033
5.5	5.0	70.0	-559.390391655
5.5	5.0	80.0	-559.390815140
5.5	5.0	90.0	-559.390892136
5.5	5.0	100.0	-559.390902984
5.5	5.0	110.0	-559.390905944
5.5	5.5	10.0	-541.954529771
5.5	5.5	20.0	-558.613519193
5.5	5.5	30.0	-559.424055805
5.5	5.5	40.0	-559.414365462
5.5	5.5	50.0	-559.386776910
5.5	5.5	60.0	-559.383433969
5.5	5.5	70.0	-559.384785782
5.5	5.5	80.0	-559.385018355
5.5	5.5	90.0	-559.385049588
5.5	5.5	100.0	-559.385049706
5.5	5.5	110.0	-559.385049674
5.5	6.0	10.0	-549.833667862
5.5	6.0	20.0	-558.927408250
5.5	6.0	30.0	-559.435710837
5.5	6.0	40.0	-559.406892495
5.5	6.0	50.0	-559.384654898
5.5	6.0	60.0	-559.381488377
5.5	6.0	70.0	-559.382261492
5.5	6.0	80.0	-559.382368085
5.5	6.0	90.0	-559.382366045
5.5	6.0	100.0	-559.382410647
5.5	6.0	110.0	-559.382417617
5.5	6.5	10.0	-555.867041423
5.5	6.5	20.0	-559.225846148
5.5	6.5	30.0	-559.436221731
5.5	6.5	40.0	-559.398490483
5.5	6.5	50.0	-559.382755803
5.5	6.5	60.0	-559.380787104
5.5	6.5	70.0	-559.381397070
5.5	6.5	80.0	-559.381460279
5.5	6.5	90.0	-559.381470586
5.5	6.5	100.0	-559.381476164
5.5	6.5	110.0	-559.381481724
5.5	7.0	10.0	-558.439078244
5.5	7.0	20.0	-559.386051639
5.5	7.0	30.0	-559.425821747
5.5	7.0	40.0	-559.391205876
5.5	7.0	50.0	-559.381427427
5.5	7.0	60.0	-559.380564967
5.5	7.0	70.0	-559.381470126
5.5	7.0	80.0	-559.381373212
5.5	7.0	90.0	-559.381327616
5.5	7.0	100.0	-559.381322216
5.5	7.0	110.0	-559.381324423
6.0	1.0	10.0	-557.508424453
6.0	1.0	20.0	-557.509028756
6.0	1.0	30.0	-557.509554604
6.0	1.0	40.0	-557.510238037
6.0	1.0	50.0	-557.510866812
6.0	1.0	60.0	-557.511391708
6.0	1.0	70.0	-557.511789241
6.0	1.0	80.0	-557.512231678
6.0	1.0	90.0	-557.512418160
6.0	1.0	100.0	-557.512550703
6.0	1.0	110.0	-557.512663419
6.0	1.5	10.0	-559.116523108
6.0	1.5	20.0	-559.118502361
6.0	1.5	30.0	-559.120760311
6.0	1.5	40.0	-559.122874299
6.0	1.5	50.0	-559.124589331
6.0	1.5	60.0	-559.125810345
6.0	1.5	70.0	-559.126583641
6.0	1.5	80.0	-559.127029165
6.0	1.5	90.0	-559.127276270
6.0	1.5	100.0	-559.127426474
6.0	1.5	110.0	-559.127534629
6.0	2.0	10.0	-559.452616811
6.0	2.0	20.0	-559.458804847
6.0	2.0	30.0	-559.465541455
6.0	2.0	40.0	-559.471193899
6.0	2.0	50.0	-559.475126964
6.0	2.0	60.0	-559.477469122
6.0	2.0	70.0	-559.478695288
6.0	2.0	80.0	-559.479276497
6.0	2.0	90.0	-559.479542858
6.0	2.0	100.0	-559.479678160
6.0	2.0	110.0	-559.479758359
6.0	2.5	10.0	-559.465500779
6.0	2.5	20.0	-559.480942807
6.0	2.5	30.0	-559.497784179
6.0	2.5	40.0	-559.510636130
6.0	2.5	50.0	-559.518334466
6.0	2.5	60.0	-559.522155552
6.0	2.5	70.0	-559.523800050
6.0	2.5	80.0	-559.524436732
6.0	2.5	90.0	-559.524673786
6.0	2.5	100.0	-559.524770599
6.0	2.5	110.0	-559.524816627
6.0	3.0	10.0	-559.418279849
6.0	3.0	20.0	-559.427364534
6.0	3.0	30.0	-559.449932082
6.0	3.0	40.0	-559.474494679
6.0	3.0	50.0	-559.487492655
6.0	3.0	60.0	-559.492882234
6.0	3.0	70.0	-559.494796853
6.0	3.0	80.0	-559.495403822
6.0	3.0	90.0	-559.495584400
6.0	3.0	100.0	-559.495639765
6.0	3.0	110.0	-559.495659307
6.0	3.5	10.0	-559.364776033
6.0	3.5	20.0	-559.408571752
6.0	3.5	30.0	-559.401268863
6.0	3.5	40.0	-559.427499565
6.0	3.5	50.0	-559.446698964
6.0	3.5	60.0	-559.453386884
6.0	3.5	70.0	-559.455364331
6.0	3.5	80.0	-559.455881391
6.0	3.5	90.0	-559.456001414
6.0	3.5	100.0	-559.456024262
6.0	3.5	110.0	-559.456027745
6.0	4.0	10.0	-559.085281723
6.0	4.0	20.0	-559.370013224
6.0	4.0	30.0	-559.418783787
6.0	4.0	40.0	-559.391523967
6.0	4.0	50.0	-559.414247644
6.0	4.0	60.0	-559.421589602
6.0	4.0	70.0	-559.423417902
6.0	4.0	80.0	-559.423816896
6.0	4.0	90.0	-559.423886355
6.0	4.0	100.0	-559.423888843
6.0	4.0	110.0	-559.423884766
6.0	4.5	10.0	-558.078714446
6.0	4.5	20.0	-559.248930840
6.0	4.5	30.0	-559.428453088
6.0	4.5	40.0	-559.402818890
6.0	4.5	50.0	-559.393893393
6.0	4.5	60.0	-559.401026341
6.0	4.5	70.0	-559.402541107
6.0	4.5	80.0	-559.402819265
6.0	4.5	90.0	-559.402851850
6.0	4.5	100.0	-559.402844028
6.0	4.5	110.0	-559.402837654
6.0	5.0	10.0	-555.191894677
6.0	5.0	20.0	-559.060721458
6.0	5.0	30.0	-559.431812233
6.0	5.0	40.0	-559.406931656
6.0	5.0	50.0	-559.383215358
6.0	5.0	60.0	-559.389801254
6.0	5.0	70.0	-559.390924482
6.0	5.0	80.0	-559.391095800
6.0	5.0	90.0	-559.391103055
6.0	5.0	100.0	-559.391091099
6.0	5.0	110.0	-559.391084871
6.0	5.5	10.0	-549.832058036
6.0	5.5	20.0	-558.926121413
6.0	5.5	30.0	-559.434603622
6.0	5.5	40.0	-559.405921531
6.0	5.5	50.0	-559.383759683
6.0	5.5	60.0	-559.384460046
6.0	5.5	70.0	-559.385207096
6.0	5.5	80.0	-559.385294270
6.0	5.5	90.0	-559.385283781
6.0	5.5	100.0	-559.385270385
6.0	5.5	110.0	-559.385264803
6.0	6.0	10.0	-547.476074205
6.0	6.0	20.0	-558.970728464
6.0	6.0	30.0	-559.437308058
6.0	6.0	40.0	-559.401686931
6.0	6.0	50.0	-559.383081469
6.0	6.0	60.0	-559.382163698
6.0	6.0	70.0	-559.382609737
6.0	6.0	80.0	-559.382635516
6.0	6.0	90.0	-559.382612782
6.0	6.0	100.0	-559.382598942
6.0	6.0	110.0	-559.382593633
6.0	6.5	10.0	-551.904791376
6.0	6.5	20.0	-559.153746910
6.0	6.5	30.0	-559.435915371
6.0	6.5	40.0	-559.396048337
6.0	6.5	50.0	-559.382121219
6.0	6.5	60.0	-559.381249085
6.0	6.5	70.0	-559.381482461
6.0	6.5	80.0	-559.381465869
6.0	6.5	90.0	-559.381437365
6.0	6.5	100.0	-559.381424056
6.0	6.5	110.0	-559.381418750
6.0	7.0	10.0	-556.565955638
6.0	7.0	20.0	-559.326168079
6.0	7.0	30.0	-559.427936277
6.0	7.0	40.0	-559.390580742
6.0	7.0	50.0	-559.381313527
6.0	7.0	60.0	-559.380907219
6.0	7.0	70.0	-559.381006676
6.0	7.0	80.0	-559.380959600
6.0	7.0	90.0	-559.380931731
6.0	7.0	100.0	-559.380963853
6.0	7.0	110.0	-559.380969382
6.5	1.0	10.0	-557.511140280
6.5	1.0	20.0	-557.511408564
6.5	1.0	30.0	-557.511523228
6.5	1.0	40.0	-557.511797035
6.5	1.0	50.0	-557.512041481
6.5	1.0	60.0	-557.512235521
6.5	1.0	70.0	-557.512371434
6.5	1.0	80.0	-557.512626310
6.5	1.0	90.0	-557.512683588
6.5	1.0	100.0	-557.512731101
6.5	1.0	110.0	-557.512779043
6.5	1.5	10.0	-559.123332140
6.5	1.5	20.0	-559.124173986
6.5	1.5	30.0	-559.125070211
6.5	1.5	40.0	-559.125892330
6.5	1.5	50.0	-559.126547035
6.5	1.5	60.0	-559.126996367
6.5	1.5	70.0	-559.127262667
6.5	1.5	80.0	-559.127402955
6.5	1.5	90.0	-559.127477491
6.5	1.5	100.0	-559.127526900
6.5	1.5	110.0	-559.127565638
6.5	2.0	10.0	-559.469059913
6.5	2.0	20.0	-559.471611656
6.5	2.0	30.0	-559.474302363
6.5	2.0	40.0	-559.476536263
6.5	2.0	50.0	-559.478073791
6.5	2.0	60.0	-559.478964188
6.5	2.0	70.0	-559.479402659
6.5	2.0	80.0	-559.479591090
6.5	2.0	90.0	-559.479669866
6.5	2.0	100.0	-559.479708130
6.5	2.0	110.0	-559.479729856
6.5	2.5	10.0	-559.499126501
6.5	2.5	20.0	-559.506491750
6.5	2.5	30.0	-559.513782643
6.5	2.5	40.0	-559.519172145
6.5	2.5	50.0	-559.522331977
6.5	2.5	60.0	-559.523851168
6.5	2.5	70.0	-559.524462254
6.5	2.5	80.0	-559.524670169
6.5	2.5	90.0	-559.524732398
6.5	2.5	100.0	-559.524748973
6.5	2.5	110.0	-559.524752812
6.5	3.0	10.0	-559.445463214
6.5	3.0	20.0	-559.458693255
6.5	3.0	30.0	-559.475281888
6.5	3.0	40.0	-559.486684560
6.5	3.0	50.0	-559.492368415
6.5	3.0	60.0	-559.494625733
6.5	3.0	70.0	-559.495365741
6.5	3.0	80.0	-559.495561786
6.5	3.0	90.0	-559.495597186
6.5	3.0	100.0	-559.495593104
6.5	3.0	110.0	-559.495585014
6.5	3.5	10.0	-559.422469684
6.5	3.5	20.0	-559.415086346
6.5	3.5	30.0	-559.422060043
6.5	3.5	40.0	-559.443024634
6.5	3.5	50.0	-559.452060166
6.5	3.5	60.0	-559.455027770
6.5	3.5	70.0	-559.455824809
6.5	3.5	80.0	-559.455987823
6.5	3.5	90.0	-559.455997465
6.5	3.5	100.0	-559.455979728
6.5	3.5	110.0	-559.455966261
6.5	4.0	10.0	-559.382437398
6.5	4.0	20.0	-559.423056524
6.5	4.0	30.0	-559.405306772
6.5	4.0	40.0	-559.406807831
6.5	4.0	50.0	-559.419535080
6.5	4.0	60.0	-559.423006159
6.5	4.0	70.0	-559.423777866
6.5	4.0	80.0	-559.423899268
6.5	4.0	90.0	-559.423890580
6.5	4.0	100.0	-559.423867281
6.5	4.0	110.0	-559.423853368
6.5	4.5	10.0	-559.132588011
6.5	4.5	20.0	-559.403552045
6.5	4.5	30.0	-559.421380248
6.5	4.5	40.0	-559.389921364
6.5	4.5	50.0	-559.398534402
6.5	4.5	60.0	-559.402145779
6.5	4.5	70.0	-559.402816913
6.5	4.5	80.0	-559.402896077
6.5	4.5	90.0	-559.402876842
6.5	4.5	100.0	-559.402853918
6.5	4.5	110.0	-559.402842154
6.5	5.0	10.0	-558.266545929
6.5	5.0	20.0	-559.331715398
6.5	5.0	30.0	-559.430659121
6.5	5.0	40.0	-559.395636810
6.5	5.0	50.0	-559.387270856
6.5	5.0	60.0	-559.390612474
6.5	5.0	70.0	-559.391133372
6.5	5.0	80.0	-559.391173616
6.5	5.0	90.0	-559.391148811
6.5	5.0	100.0	-559.391128892
6.5	5.0	110.0	-559.391119801
6.5	5.5	10.0	-555.931853586
6.5	5.5	20.0	-559.224113799
6.5	5.5	30.0	-559.434630660
6.5	5.5	40.0	-559.397064633
6.5	5.5	50.0	-559.381418007
6.5	5.5	60.0	-559.385006387
6.5	5.5	70.0	-559.385365196
6.5	5.5	80.0	-559.385372087
6.5	5.5	90.0	-559.385344036
6.5	5.5	100.0	-559.385327235
6.5	5.5	110.0	-559.385320089
6.5	6.0	10.0	-551.904130214
6.5	6.0	20.0	-559.153128070
6.5	6.0	30.0	-559.435381974
6.5	6.0	40.0	-559.395575759
6.5	6.0	50.0	-559.381676771
6.5	6.0	60.0	-559.382514200
6.5	6.0	70.0	-559.382729909
6.5	6.0	80.0	-559.382710264
6.5	6.0	90.0	-559.382680904
6.5	6.0	100.0	-559.382666586
6.5	6.0	110.0	-559.382660494
6.5	6.5	10.0	-550.234674977
6.5	6.5	20.0	-559.184753532
6.5	6.5	30.0	-559.433091733
6.5	6.5	40.0	-559.392470961
6.5	6.5	50.0	-559.381396656
6.5	6.5	60.0	-559.381470464
6.5	6.5	70.0	-559.381574614
6.5	6.5	80.0	-559.381537009
6.5	6.5	90.0	-559.381509030
6.5	6.5	100.0	-559.381496837
6.5	6.5	110.0	-559.381491358
6.5	7.0	10.0	-553.561398536
6.5	7.0	20.0	-559.289615834
6.5	7.0	30.0	-559.426808283
6.5	7.0	40.0	-559.388909955
6.5	7.0	50.0	-559.381012423
6.5	7.0	60.0	-559.381050534
6.5	7.0	70.0	-559.381074732
6.5	7.0	80.0	-559.381029382
6.5	7.0	90.0	-559.381005118
6.5	7.0	100.0	-559.380994912
6.5	7.0	110.0	-559.380990009
7.0	1.0	10.0	-557.512248136
7.0	1.0	20.0	-557.512305621
7.0	1.0	30.0	-557.512226693
7.0	1.0	40.0	-557.512331892
7.0	1.0	50.0	-557.512426051
7.0	1.0	60.0	-557.512495883
7.0	1.0	70.0	-557.512538717
7.0	1.0	80.0	-557.512731814
7.0	1.0	90.0	-557.512747249
7.0	1.0	100.0	-557.512762768
7.0	1.0	110.0	-557.512779973
7.0	1.5	10.0	-559.125959176
7.0	1.5	20.0	-559.126305075
7.0	1.5	30.0	-559.126659505
7.0	1.5	40.0	-559.126980470
7.0	1.5	50.0	-559.127227326
7.0	1.5	60.0	-559.127384017
7.0	1.5	70.0	-559.127464191
7.0	1.5	80.0	-559.127497332
7.0	1.5	90.0	-559.127510761
7.0	1.5	100.0	-559.127519106
7.0	1.5	110.0	-559.127526656
7.0	2.0	10.0	-559.475601386
7.0	2.0	20.0	-559.476658718
7.0	2.0	30.0	-559.477716480
7.0	2.0	40.0	-559.478583638
7.0	2.0	50.0	-559.479166479
7.0	2.0	60.0	-559.479482718
7.0	2.0	70.0	-559.479617600
7.0	2.0	80.0	-559.479660452
7.0	2.0	90.0	-559.479668592
7.0	2.0	100.0	-559.479666786
7.0	2.0	110.0	-559.479664418
7.0	2.5	10.0	-559.514537743
7.0	2.5	20.0	-559.517591720
7.0	2.5	30.0	-559.520528088
7.0	2.5	40.0	-559.522674756
7.0	2.5	50.0	-559.523909353
7.0	2.5	60.0	-559.524469030
7.0	2.5	70.0	-559.524662215
7.0	2.5	80.0	-559.524704309
7.0	2.5	90.0	-559.524698934
7.0	2.5	100.0	-559.524684017
7.0	2.5	110.0	-559.524673025
7.0	3.0	10.0	-559.471938758
7.0	3.0	20.0	-559.479879818
7.0	3.0	30.0	-559.487293784
7.0	3.0	40.0	-559.492093883
7.0	3.0	50.0	-559.494420591
7.0	3.0	60.0	-559.495292581
7.0	3.0	70.0	-559.495533864
7.0	3.0	80.0	-559.495565340
7.0	3.0	90.0	-559.495544288
7.0	3.0	100.0	-559.495518947
7.0	3.0	110.0	-559.495503155
7.0	3.5	10.0	-559.423193390
7.0	3.5	20.0	-559.425775586
7.0	3.5	30.0	-559.440945904
7.0	3.5	40.0	-559.450559326
7.0	3.5	50.0	-559.454478784
7.0	3.5	60.0	-559.455689075
7.0	3.5	70.0	-559.455958268
7.0	3.5	80.0	-559.455974498
7.0	3.5	90.0	-559.455941478
7.0	3.5	100.0	-559.455911200
7.0	3.5	110.0	-559.455894436
7.0	4.0	10.0	-559.429129595
7.0	4.0	20.0	-559.415647023
7.0	4.0	30.0	-559.399128571
7.0	4.0	40.0	-559.416201473
7.0	4.0	50.0	-559.422107577
7.0	4.0	60.0	-559.423610942
7.0	4.0	70.0	-559.423882394
7.0	4.0	80.0	-559.423883987
7.0	4.0	90.0	-559.423845501
7.0	4.0	100.0	-559.423815841
7.0	4.0	110.0	-559.423800829
7.0	4.5	10.0	-559.395272602
7.0	4.5	20.0	-559.430415991
7.0	4.5	30.0	-559.404597717
7.0	4.5	40.0	-559.380994558
7.0	4.5	50.0	-559.400983888
7.0	4.5	60.0	-559.402652873
7.0	4.5	70.0	-559.402898519
7.0	4.5	80.0	-559.402887612
7.0	4.5	90.0	-559.402849232
7.0	4.5	100.0	-559.402823810
7.0	4.5	110.0	-559.402811818
7.0	5.0	10.0	-559.175393090
7.0	5.0	20.0	-559.423625872
7.0	5.0	30.0	-559.416659083
7.0	5.0	40.0	-559.386926842
7.0	5.0	50.0	-559.389347499
7.0	5.0	60.0	-559.390999342
7.0	5.0	70.0	-559.391194894
7.0	5.0	80.0	-559.391172841
7.0	5.0	90.0	-559.391137350
7.0	5.0	100.0	-559.391117158
7.0	5.0	110.0	-559.391108095
7.0	5.5	10.0	-558.438035394
7.0	5.5	20.0	-559.384292596
7.0	5.5	30.0	-559.424081201
7.0	5.5	40.0	-559.389588727
7.0	5.5	50.0	-559.383814772
7.0	5.5	60.0	-559.385274971
7.0	5.5	70.0	-559.385408055
7.0	5.5	80.0	-559.385375770
7.0	5.5	90.0	-559.385343699
7.0	5.5	100.0	-559.385327863
7.0	5.5	110.0	-559.385320833
7.0	6.0	10.0	-556.563119694
7.0	6.0	20.0	-559.325344219
7.0	6.0	30.0	-559.427178926
7.0	6.0	40.0	-559.389889587
7.0	6.0	50.0	-559.381526610
7.0	6.0	60.0	-559.382685013
7.0	6.0	70.0	-559.382756352
7.0	6.0	80.0	-559.382715706
7.0	6.0	90.0	-559.382687120
7.0	6.0	100.0	-559.382674347
7.0	6.0	110.0	-559.382668472
7.0	6.5	10.0	-553.561210951
7.0	6.5	20.0	-559.289341778
7.0	6.5	30.0	-559.426561322
7.0	6.5	40.0	-559.388684626
7.0	6.5	50.0	-559.380800209
7.0	6.5	60.0	-559.381570574
7.0	6.5	70.0	-559.381588917
7.0	6.5	80.0	-559.381543753
7.0	6.5	90.0	-559.381519049
7.0	6.5	100.0	-559.381508464
7.0	6.5	110.0	-559.381503306
7.0	7.0	10.0	-552.196231031
7.0	7.0	20.0	-559.309922377
7.0	7.0	30.0	-559.422491998
7.0	7.0	40.0	-559.386751941
7.0	7.0	50.0	-559.380725938
7.0	7.0	60.0	-559.381104706
7.0	7.0	70.0	-559.381082673
7.0	7.0	80.0	-559.381038042
7.0	7.0	90.0	-559.381017522
7.0	7.0	100.0	-559.381008666
7.0	7.0	110.0	-559.381004119
